   -9.0000    +0.0000 
   -8.8889    +0.0000 
   -8.7778    +0.0000 
   -8.6667    +0.0000 
   -8.5556    +0.0000 
   -8.4444    +0.0000 
   -8.3333    +0.0000 
   -8.2222    +0.0000 
   -8.1111    +0.0000 
   -8.0000    +0.0000 
   -7.8889    +0.0000 
   -7.7778    +0.0000 
   -7.6667    +0.0000 
   -7.5556    +0.0000 
   -7.4444    +0.0001 
   -7.3333    +0.0010 
   -7.2222    +0.0027 
   -7.1111    +0.0030 
   -7.0000    +0.0019 
   -6.8889    +0.0017 
   -6.7778    +0.0044 
   -6.6667    +0.0065 
   -6.5556    +0.0035 
   -6.4444    +0.0027 
   -6.3333    +0.0113 
   -6.2222    +0.0235 
   -6.1111    +0.0232 
   -6.0000    +0.0179 
   -5.8889    +0.0213 
   -5.7778    +0.0241 
   -5.6667    +0.0164 
   -5.5556    +0.0132 
   -5.4444    +0.0157 
   -5.3333    +0.0140 
   -5.2222    +0.0115 
   -5.1111    +0.0164 
   -5.0000    +0.0231 
   -4.8889    +0.0279 
   -4.7778    +0.0298 
   -4.6667    +0.0347 
   -4.5556    +0.0365 
   -4.4444    +0.0337 
   -4.3333    +0.0545 
   -4.2222    +0.0869 
   -4.1111    +0.0875 
   -4.0000    +0.0788 
   -3.8889    +0.0940 
   -3.7778    +0.1035 
   -3.6667    +0.1183 
   -3.5556    +0.1086 
   -3.4444    +0.1403 
   -3.3333    +0.2084 
   -3.2222    +0.1856 
   -3.1111    +0.1288 
   -3.0000    +0.0842 
   -2.8889    +0.0580 
   -2.7778    +0.0219 
   -2.6667    +0.0029 
   -2.5556    +0.0001 
   -2.4444    +0.0000 
   -2.3333    +0.0000 
   -2.2222    +0.0000 
   -2.1111    +0.0000 
   -2.0000    +0.0000 
   -1.8889    +0.0002 
   -1.7778    +0.0018 
   -1.6667    +0.0053 
   -1.5556    +0.0064 
   -1.4444    +0.0043 
   -1.3333    +0.0027 
   -1.2222    +0.0012 
   -1.1111    +0.0002 
   -1.0000    +0.0000 
   -0.8889    +0.0000 
   -0.7778    +0.0000 
   -0.6667    +0.0000 
   -0.5556    +0.0000 
   -0.4444    +0.0000 
   -0.3333    +0.0000 
   -0.2222    +0.0000 
   -0.1111    +0.0000 
   +0.0000    +0.0000 
   +0.1111    +0.0000 
   +0.2222    +0.0000 
   +0.3333    +0.0000 
   +0.4444    +0.0000 
   +0.5556    +0.0000 
   +0.6667    +0.0000 
   +0.7778    +0.0000 
   +0.8889    +0.0000 
   +1.0000    +0.0000 
   +1.1111    +0.0000 
   +1.2222    +0.0000 
   +1.3333    +0.0000 
   +1.4444    +0.0000 
   +1.5556    +0.0000 
   +1.6667    +0.0000 
   +1.7778    +0.0000 
   +1.8889    +0.0000 
   +2.0000    +0.0000 
